Cluster:[11320200(28.0), 11320100(30.0), 11120000(33.0), 11121300(33.0), 11113000(34.0), 11114320(34.0), 11111170(35.0), 11114321(35.0), 11121210(38.0), 11350000(38.0), 11111160(42.0), 11112120(42.0), 11112210(42.0), 11114300(42.0), 11114310(42.0), 11320000(44.0), 11321200(44.0), 11340000(46.0), 11321100(47.0)]
Features found in cluster:  1% fat
Cluster:[11100000(50.0), 11112110(50.0), 11112130(50.0), 11114330(50.0), 11350010(50.0), 11511300(56.0), 11111000(61.0), 11111100(61.0), 11111150(61.0), 11114350(61.0), 11121100(61.0), 11321000(63.0), 11519205(63.0), 11116000(69.0), 11000000(70.0)]
Features found in cluster:  2% fat
Cluster:[11511400(71.0), 11519200(71.0), 11511200(76.0), 11525000(76.0), 11526000(76.0), 11527000(76.0), 11511000(77.0), 11519040(77.0), 11519105(77.0), 11212050(78.0), 11520000(78.0), 11521000(78.0), 11522000(80.0), 11511100(83.0), 11519050(88.0)]
Features found in cluster:  made with milk
Cluster:[11211400(92.0)]
Cluster:[11210050(134.0), 11211050(134.0)]
Cluster:[11220000(321.0), 11810000(358.0), 11813000(358.0), 11812000(363.0)]
Cluster:[11830210(383.0), 11830260(389.0), 11830250(411.0), 11830200(428.0)]
Features found in cluster:  dry mix
Cluster:[11811000(496.0)]
